500
535 1608 572 1525 188 1735 4 221 721 925 261 134 808 1268 1757 581 261 552 1333 532 309 1953 1495 1905 78 466 738 1348 1394 675 318 1157 154 583 906 190 1045 341 1215 1588 1246 1372 246 735 192 1821 242 1058 666 1065 1221 1048 1119 386 446 1214 1903 927 750 1032 845 1715 762 511 1450 1929 1690 326 393 847 143 943 520 858 1343 70 343 1264 1024 1739 21 1158 1729 696 1740 1248 694 1737 1135 1075 729 1899 1928 125 1815 1000 1349 592 128 630 1512 1421 1936 974 1254 147 200 1738 726 1819 40 634 767 1449 913 1556 703 1754 1834 1382 1710 565 1974 1065 689 309 1986 1718 332 623 1708 1115 1659 1396 785 1383 1490 1315 388 1443 1962 206 250 1023 732 309 868 256 1199 1200 700 494 1853 1098 1178 608 1715 1415 1617 1308 1521 671 1724 646 1101 1742 596 1125 1946 1105 21 456 118 1563 1735 1654 430 455 404 1169 989 1067 1954 1966 1537 1757 917 1236 1330 1671 1378 1114 120 1064 325 1614 785 1534 531 1780 679 1241 960 596 1625 645 1077 1398 1180 987 1563 140 1295 1866 1960 1707 699 1645 1476 546 865 1328 1002 595 1074 1169 1018 938 152 1072 395 1518 781 1166 1810 198 614 1071 867 730 39 1617 114 369 515 511 2000 46 478 604 115 696 1578 1211 1464 1506 219 737 370 205 1802 849 242 1604 477 902 1799 590 1577 806 916 468 1717 1159 1587 1005 330 1698 629 150 234 1276 1892 1673 175 1750 2004 119 1044 1496 1825 1849 1600 1941 264 918 589 437 1086 385 80 1517 518 987 1247 328 1681 1547 1585 606 1479 298 1374 1037 297 1590 788 264 1605 1147 1130 1964 372 1555 1434 255 833 1728 1550 116 140 262 534 560 1711 1988 1198 1364 216 1939 466 1404 1544 805 1862 633 1002 1815 408 391 1848 800 1251 1988 484 1795 966 1079 46 1286 1717 169 1180 524 998 134 1673 168 610 987 1726 1413 1425 793 1075 1168 1402 1055 993 1111 472 1191 502 505 1025 1380 912 1989 852 132 1890 1150 1899 1586 372 1813 667 1498 942 147 1420 1640 1385 1012 36 1961 1235 1711 1390 1955 1606 1679 843 1967 395 1422 416 1377 530 8 1336 332 190 586 1656 1790 916 904 1906 1927 1058 49 1641 1027 1574 818 1921 915 1046 524 405 970 1332 54 783 1620 93 438 414 300 1707 1130 1462 1719 388 681 533 36 81 309 874 1711 1672 201 680 404 309 255 188 905 845 684 65 1936 1326 78 845 1841 92 65 158 1366 451 72 1015 1449 12 1742 663 1219 1732 1605 1758 1415 192 1408 1010 1941 1468 722
500
821 149
191 661
1249 53
1201 401
1613 647
421 31
811 1231
317 1303
229 433
743 1129
193 877
2003 1877
607 1597
131 1009
13 1091
593 743
881 23
827 1871
1433 79
479 173
1567 1511
661 271
1051 797
1063 643
421 317
167 947
911 761
1973 73
1579 1663
1543 1301
449 1621
251 641
1301 1613
1609 1367
1627 313
1451 1061
167 1109
1787 1237
67 829
1439 1999
47 137
1601 503
1741 487
1621 109
1063 2
1663 71
409 431
887 59
757 1097
569 547
1031 541
83 139
313 883
1361 233
353 1423
881 173
191 647
89 1733
457 109
19 1867
521 1783
1583 683
1301 137
37 1039
947 1699
421 1619
571 331
67 479
101 1427
593 1069
941 811
857 1063
379 977
1609 1279
1367 1123
1783 269
277 1427
83 307
1669 1151
719 617
1019 877
227 131
367 3
1489 839
1451 1667
1511 1187
953 1367
809 751
331 1879
421 997
1993 1723
661 743
409 397
43 1543
1031 1733
1579 1373
863 151
761 1013
1429 1451
1471 1597
97 1979
97 1439
1889 929
1907 1531
1567 607
659 31
509 151
1367 853
757 1867
157 797
277 751
107 1063
1567 1193
463 1283
563 229
1381 1009
167 1663
1699 677
1063 1019
1741 811
1013 149
641 1993
1373 983
1607 1579
131 631
1499 1831
73 569
1987 1709
967 1489
599 1567
1861 181
1979 1163
641 1811
269 1021
181 1787
1531 181
317 1523
463 1063
1621 251
1549 103
641 433
1877 1559
1489 787
397 563
911 227
1783 1783
1789 1291
449 1087
971 1321
23 911
1109 1619
1283 701
3 1129
1999 1499
151 173
1543 1021
547 1301
683 1429
1109 937
1091 911
167 751
233 1579
457 1409
761 1487
577 1009
127 197
1933 941
1871 1993
1723 887
1307 1567
101 311
823 727
557 863
457 229
691 281
563 1031
89 811
701 1861
1789 151
809 1321
193 929
1489 337
1213 1109
223 373
661 1607
1637 599
1933 5
683 1399
1723 613
983 1823
1721 641
647 1873
229 107
887 1499
1087 859
41 1871
1987 911
883 757
577 1523
269 29
997 577
673 167
599 1301
43 977
193 7
107 1259
1979 1117
1453 251
31 89
1697 1571
1823 877
383 137
719 1669
1789 643
1223 367
821 2003
211 1303
823 563
733 83
263 109
269 1307
41 1427
809 1663
1259 439
443 1063
1523 661
1913 1867
1997 443
1973 1433
653 1933
1297 653
967 419
521 727
443 5
463 53
491 1811
79 593
283 1951
349 563
1259 503
163 3
1787 1693
1489 1597
1453 941
1499 1187
739 1997
127 1871
1709 1423
1447 971
1657 811
359 239
1307 101
359 1693
1619 367
887 1193
103 1987
1427 359
1823 353
1913 1787
1109 1907
1063 1987
1367 1499
1171 1181
907 317
809 503
1483 103
2003 1559
1429 1097
1777 503
1699 1303
199 2003
1117 1129
1951 277
2 1861
1181 2003
1601 1913
1109 317
1657 1279
1987 167
1567 373
1367 1109
829 1163
449 907
1093 757
31 859
311 1171
13 1423
311 1451
1907 1723
419 1361
769 607
313 1097
173 97
1543 829
1913 1531
1889 389
1451 73
1697 1153
1049 977
19 563
71 113
433 509
1663 1801
1733 1847
1439 1187
491 541
1481 349
1487 941
947 1913
1973 19
401 647
1289 1733
1877 83
1093 701
401 1831
1699 1049
229 1871
281 367
1153 883
797 419
1997 59
1709 1511
1487 1013
733 139
659 1951
607 1109
1873 1453
1223 839
307 1291
607 719
1229 41
1051 239
359 1097
1237 701
1327 1831
1009 1987
79 1831
1487 509
967 821
1213 1523
1297 1013
643 883
653 673
463 1249
1787 277
1559 881
1759 1433
503 1223
1487 947
1087 61
983 1613
911 1039
941 71
1913 1483
139 251
691 1627
1303 593
1747 379
821 61
1601 509
1459 647
1871 593
691 1873
479 307
223 919
1871 787
1973 587
367 1279
719 1879
1109 1429
1381 1559
277 269
1523 331
1087 523
73 523
421 643
887 79
1381 937
199 547
461 1129
1231 47
1019 181
181 1627
971 1153
1697 349
937 367
1229 233
1549 1697
1249 733
1213 157
67 1753
401 191
409 1619
163 347
1103 883
1831 997
911 1381
1033 79
97 1327
1879 541
947 257
997 13
661 1747
1597 1213
1117 1039
661 1657
883 509
19 653
1609 1823
1723 317
1433 1049
1439 1291
1597 1327
197 233
1721 733
5 1523
577 257
577 809
1889 617
751 1091
1747 1987
1523 557
1259 1667
227 127
1693 61
13 1013
311 1129
277 1409
587 89
1709 431
1213 5
401 907
101 1237
19 127
761 1709
73 1109
1163 397
733 1733
953 743
919 71
953 1181
757 1753
1759 151
619 1783
1423 293
1021 1847
1249 503
1579 163
5 991
251 1297
1249 1511
1049 1097
499 659
1747 131
1489 401
1753 809
941 1721
937 1847
1511 97
1277 7
929 397
7 1619
1171 1367
433 977
1699 1873
1811 107
1667 1931
1831 541
419 719
1613 1283
313 1021
1511 379
163 631
257 1373
1237 137
523 151
1471 1607
257 337
571 271
347 593
857 83
421 601
1579 1523
863 1051
179 659
739 229
149 601
409 7
1933 683
829 881
1229 47
743 659
857 127
1699 1031
1697 137
1409 2003
1543 521
461 1607
1801 1901
1951 239